2377
5180
4573
5696
8759
2786
8154
2818
1156
1227
9276
1106
2700
7802
3821
276
9820
1275
4010
9178
9672
3307
3212
7524
2409
5716
962
2082
5342
7908
7088
7558
7475
153
4561
6571
511
955
7687
3420
2855
9973
3891
7938
6320
3393
4880
2062
3218
6208
4698
7439
5367
147
4332
9089
8227
826
7767
9795
7198
4086
3406
7010
2765
1692
606
3047
7246
9352
6363
2761
2626
4171
9910
353
9493
227
8779
1865
9704
3014
8246
5215
8816
2843
8709
5564
9223
4085
233
9995
8545
5292
390
2200
105
8522
6202
55
9785
7135
7114
6910
617
9425
5624
4688
2638
2003
3777
6663
1460
1089
8435
8957
9654
9733
3707
567
7258
329
9692
4303
3722
5658
9996
2924
9165
9094
4136
160
3876
4994
2888
9374
479
7465
1854
5718
2832
3061
7
2734
744
5539
228
4990
8590
6423
2002
8968
8478
8107
9077
1011
6510
5685
6179
2387
2331
2596
1741
4854
3666
4182
3977
8573
3722
1978
9482
6933
1151
9084
9857
5249
9690
2211
2045
1254
6443
6819
4701
1826
2793
3695
5079
6154
3280
6303
9617
9071
8361
5401
5516
5788
7991
6975
8736
7535
1645
7269
7106
1569
2622
4510
2611
4420
428
1074
6306
2472
3954
8414
4178
5290
5613
9816
9574
1769
2501
2572
6776
3622
7273
5848
9529
3863
9288
1217
2226
2920
5996
6080
8985
5248
9793
2493
3280
1083
7508
4150
8440
7865
8902
796
7619
8914
992
9946
6726
6676
7008
1538
6925
8651
6689
822
1304
9323
9785
1024
1891
9789
8155
1183
9460
6772
6333
5230
2301
4491
5365
1795
5106
8892
3180
3809
5700
8751
7844
7066
5708
2558
1558
3364
2419
8018
1172
9846
3374
2411
4909
6032
6567
7712
1503
5173
7670
8657
8710
1302
9295
9414
7826
7163
7236
4823
2583
6240
5627
9046
6623
6363
7339
9996
5034
6630
9760
9983
309
29
5022
1261
1272
8565
3473
3447
6090
406
8739
2173
1551
4439
6743
3570
3745
1749
3235
3740
2908
511
7530
5994
8259
3329
3511
4258
7121
5963
4870
8070
1690
9342
6044
3298
9984
1362
9479
8469
5425
4423
671
346
7437
950
6924
9074
2901
9090
8754
4335
5119
4241
519
7279
726
2849
2421
99
4910
7609
3610
2971
4374
1821
7052
4577
8182
3917
3867
8734
152
4571
2303
3596
6723
3287
512
6794
5074
4152
9333
2885
7763
9705
452
9209
699
1230
231
4564
454
1666
3808
7699
6317
975
35
2748
9681
8552
9154
6470
7619
950
7910
1577
4630
1197
3032
3918
1404
3579
3392
8434
2108
4637
7365
9629
8245
861
307
8793
4605
3339
3467
3777
6883
2407
868
663
4514
7001
8815
3250
1734
4781
8280
9395
937
5502
152
770
1622
6078
7960
6810
6287
3615
8960
6541
2026
8753
8061
3237
854
9912
2256
7849
1547
2889
7491
2680
1376
6594
232
2388
8022
9683
6554
4638
9777
3101
948
4363
1686
7461
4752
1776
3104
4580
5751
3455
2109
542
3239
1885
54
254
4708
4047
4267
7706
165
9825
2604
7896
8319
1810
2485
3917
1599
6079
3793
9885
2720
507
4575
3925
1820
3384
1442
3104
5935
5973
7890
9
663
20
3248
9358
7512
5703
3110
2558
8205
4838
5581
1135
4377
9759
5672
5406
9675
7642
9342
7844
943
4296
2437
1745
8128
7928
1210
839
844
5925
1741
1478
3809
8976
7272
3407
5827
8357
9776
4808
8799
7148
453
4891
1849
975
6084
555
930
4995
7003
7236
9958
2789
956
5341
4769
2386
9307
909
242
5794
4113
5031
487
7251
4819
1748
3800
2110
7917
8220
2304
1239
1432
7232
133
2198
8651
4903
4185
2941
5709
7426
6089
7142
6008
6222
6274
8587
9945
2886
7268
4465
2612
8947
2319
6865
1733
7633
4794
676
6289
7982
1506
6715
6315
9106
9887
4361
6338
9334
9251
8013
1496
2914
2315
7631
4301
9351
4920
3750
8698
2006
6871
5844
1577
603
3468
2303
2545
2105
3262
1677
4224
6643
6427
123
7681
7477
6268
6938
1278
13
4020
1047
8799
3433
4562
9189
895
5933
661
1688
3727
6081
6591
7985
9284
965
3298
4817
412
418
2664
9036
1118
7375
9311
4700
4207
4364
2848
4399
4433
4815
4368
3198
6374
9240
6704
5242
3410
9971
3119
7557
2511
3130
4480
8730
2953
9172
9110
3787
2585
7950
6795
9317
0
1925
2704
5522
2713
1037
8863
218
2225
7008
8956
7223
5890
3190
7322
180
1354
302
3658
1504
1147
7527
9373
9973
6780
7309
7387
7088
3933
7587
5404
2061
4296
9545
8420
4464
322
1754
4444
9473
7904
7317
2251
6917
8663
1638
3284
246
252
5457
6936
3167
7402
6858
1948
5733
3185
9619
2421
405
5995
9555
4976
5814
1259
7775
3230
7739
3711
3608
2828
760
836
530
5153
2637
6008
364
5889
228
3594
7776
9727
3171
3630
2840
4479
6143
1804
9323
9672
6365
7736
1651
9337
5462
6013
4332
2867
9718
3059
9564
6899
4801
6063
2249
9379
4979
7737
155
454
466
2425
5632
5554
7379
603
4709
443
2549
5218
1640
2169
2621
9944
2871
2603
1599
4018
8964
8981
3799
2146
3816
4469
1569
711
2080
6612
6427
4272
5641
1847
6820
3565
1380
5781
1777
4998
5718
8355
9340
3237
8878
8811
6233
7806
8371
7484
8503
2271
1818
4410
6847
8562
2369
726
4093
5391
4123
600
1976
4190
6488
5352
2031
1003
128
989
9985
8594
6701
4509
2425
2298
7394
2883
7813
7950
7835
3214
4145
9046
4610
7877
7045
3828
9451
1177
2536
5962
9437
4835
9615
8106
2798
3613
3557
3093
6937
2445
5193
7492
990
4411
783
7877
7303
835
4676
7309
579
1430
6914
9548
6417
7819
6251
8927
9146
1763
4965
4894
6762
6010
1539
6085
8269
5129
4572
4816
5779
1161
2811
8576
6271
5954
1026
3770
3250
3041
1995
1983
7710
6392
7212
1990
6858
8351
5766
3508
4754
9464
1227
6622
6023
4816
7113
6118
1210
1538
7095
4081
7744
4341
5803
3161
3315
2230
7734
4526
2518
1984
5661
7799
2914
7607
7525
8630
5665
9893
7433
2266
4182
2780
9723
622
87
5226
2917
8702
617
2922
9914
2010
2087
230
2495
4371
8014
5002
7743
7315
1367
5253
6799
6409
3809
6809
3711
9953
3291
3697
8265
6755
7660
9186
9194
4962
8495
4762
8058
6132
94
965
9594
113
25
3183
2456
6164
2995
3364
210
7086
2490
4210
7989
6730
4769
7328
5712
2044
9787
2920
1226
5443
9718
1391
7997
3789
8498
5142
7645
8026
8605
1897
5449
9672
1388
6196
9597
2429
776
5878
3329
6564
5970
5453
3842
7326
8420
8769
2187
6153
2838
4765
8720
5439
7018
6103
8246
1781
8884
5665
5986
3188
8249
1864
3837
7893
4020
5418
1312
6932
959
5077
3186
5879
1492
1722
4235
7784
5903
3136
8212
7822
4063
6468
9406
7850
8682
6190
7595
1581
1242
5088
652
1495
6984
4807
2888
8154
5203
6708
8614
3197
7213
2612
7496
9756
1347
3835
3652
4685
406
8960
4208
3726
6363
5186
1369
489
715
8872
335
3609
5767
8261
5457
4807
2013
4650
1968
7021
320
3366
4083
9003
4646
9721
4183
2568
2675
8310
7776
6560
3917
2422
9681
7004
9405
7129
6036
432
97
7432
4374
749
4512
4646
1458
8727
1771
805
7928
4416
8924
1188
6202
1651
2366
8214
9315
941
1705
5998
1732
3446
8200
8230
8205
7742
2633
6831
5492
8386
3904
2483
9301
813
5528
3606
4182
811
4936
4347
677
1497
1837
6579
5296
3240
6569
9488
7297
6001
616
3832
9908
5426
6283
6548
39
4630
68
3080
5261
4931
5404
8637
7614
4829
5396
2394
7103
3144
3558
8578
2713
1691
5527
1174
2073
7791
4091
2299
291
6806
9237
4758
7555
7529
9930
2516
3154
6250
8849
9574
5890
7496
6121
730
5287
1217
2646
3621
4993
1362
8506
1884
1754
2137
4796
2097
6008
4604
9320
3018
847
5314
3011
8894
454
7390
7753
8985
9205
5421
644
239
8120
2037
5691
861
2658
4973
6741
1899
8818
876
9160
3229
5434
1945
5603
1561
2690
1697
9812
2083
8344
7944
7558
3939
6097
5494
939
6441
7889
3171
3026
3975
6979
4509
2277
524
9253
1797
7250
6192
3444
4011
6356
8187
8159
846
2397
8449
1946
4549
6898
88
7698
5835
8691
3978
7655
6421
8806
4373
3563
8479
2895
2176
278
1509
781
3417
7171
8990
1987
6873
3131
6098
9458
6648
4620
1964
3840
61
3989
2202
9720
8190
945
8321
1598
8486
9469
9966
2092
2420
3896
9399
813
8400
9686
8128
2549
3480
5569
6826
1820
4841
9836
9909
2214
6490
2757
9446
7632
5969
9047
564
2360
1929
2025
5773
3849
4187
5191
4085
8530
7673
1579
8318
9970
6330
6199
5795
7347
2671
5601
3054
7264
8052
5771
6218
7332
9858
8799
3042
8176
4738
9604
1064
4408
1116
6335
3906
154
4541
5816
5135
2764
679
4567
9288
1586
8002
2780
3681
8713
2064
105
3278
1507
8351
6764
9987
8767
6359
7148
6595
7956
2627
6127
5802
5562
4092
8757
9350
9173
6545
8357
9808
5710
7747
8435
2329
1424
6685
458
1039
1580
8241
4555
4463
7226
2877
2834
2692
3805
1564
9778
5245
4449
6232
1757
8877
3539
7917
1185
8428
6669
2330
5474
4363
4620
4641
1712
2629
3440
958
645
4048
8688
5700
9245
2563
6184
2258
258
2978
4608
7828
7635
5732
8042
1574
5889
2326
5335
4003
6630
856
6950
1036
6562
2037
8122
101
3475
9168
9255
2633
2800
7113
5609
7261
4498
3279
7089
1490
5568
8976
2269
1380
9669
6220
2787
768
4960
1064
4362
1442
1880
8414
6309
7116
7098
8561
5484
9122
8385
2142
9224
9266
7376
2446
107
7794
6158
4104
826
3954
1855
2483
4921
3600
2235
1113
8977
8794
3070
6087
0
237
1339
8658
6381
2556
7678
2211
6390
9581
7612
4275
5688
7118
3161
2210
2810
6869
3302
5968
6647
7301
9716
7630
2806
8443
2346
9039
7735
3256
6030
201
2205
3306
9412
776
450
2962
241
2913
1291
4026
874
5395
4298
9520
9086
7065
6682
1915
4332
2540
330
8703
4274
9526
1193
5947
4004
6642
3786
9775
2677
3887
3124
3658
3125
131
2505
9186
9656
6812
9569
1293
4350
1026
6450
6508
1252
4696
6046
5832
4358
8993
8714
2100
2127
8335
2822
1874
9455
7430
1053
5778
7719
8304
9051
4132
1540
6841
3702
4702
8710
8027
5434
6938
3356
7764
1685
1879
766
2851
9004
6048
8375
3137
9832
2921
3549
9676
81
3445
6093
7375
213
5333
4552
6525
5860
9467
7156
7501
635
4076
3056
5855
1772
6068
6313
3613
6726
436
7874
4125
8454
7910
4659
498
9434
8449
8272
3170
1310
3912
2884
9090
837
5212
7851
9213
9381
6466
4105
8244
6559
4336
4970
8351
6185
528
8055
1585
4362
7255
2177
6202
7330
6943
7614
7159
7699
5664
5581
2836
7648
7806
2439
9233
9953
2812
5188
290
5472
9214
231
5536
9811
1084
3544
3117
9574
1314
796
3541
3556
788
1858
6671
6210
1663
9196
9379
6792
8379
4328
9158
5901
9501
2602
9905
8030
3544
8425
8112
2458
6835
7715
9126
8845
8470
6269
5277
3271
622
8074
1883
3992
2576
5591
2224
555
7146
4129
1804
5916
9141
1860
2189
3703
7975
994
9622
5023
6436
4124
1932
8551
4677
287
8266
8112
7537
9886
3748
3168
1959
8119
1624
6315
4318
5909
4320
5729
4692
7346
676
1796
2194
1927
8077
8948
1248
5409
8277
7368
965
1985
2089
9995
1431
7233
3728
5953
3841
2622
9141
773
2595
5734
8288
5985
4386
9039
1124
9880
6576
3586
4705
3011
3910
6082
8521
566
1486
8941
8976
1518
1278
2174
1036
1370
5342
3980
7564
5235
747
5570
2677
9242
4068
9004
3608
7292
9809
7131
3071
6372
2563
853
8230
8813
8054
3948
8118
866
9892
2841
3868
3829
707
789
3369
5672
8110
3940
3251
1403
1986
4766
5912
5522
1390
8171
2466
4642
2286
5882
8358
3257
5025
623
8391
7207
9333
8039
8279
1932
3093
7753
2254
9695
9081
8698
5059
329
7755
3421
3575
3276
3546
389
401
2067
6663
4745
6692
1287
4269
2931
300
3114
5822
6500
4599
4932
9896
5560
8225
6280
5670
801
1864
3635
7618
3107
8862
1920
4841
8603
5261
1258
3879
4908
2901
1823
6913
5608
8336
7214
706
9752
7318
7229
4621
5976
9308
3881
593
7474
6072
4410
7002
2933
2304
4018
8516
9778
8928
6019
2939
178
9577
6538
1678
7527
2263
1036
3522
5470
4267
7067
2866
2430
3847
4724
8851
6048
6489
5769
1542
5482
8878
2838
5079
9290
1784
642
227
7867
6170
6676
6230
55
3200
4863
82
2858
9979
1676
3163
3374
3082
9107
3232
1480
2116
4149
2388
8287
5058
6888
5562
4388
906
4560
4623
898
486
8711
3777
6483
4610
4553
4862
1133
7892
4142
2103
616
7015
1684
9523
9436
8735
8793
592
4187
3905
4610
8708
7896
5547
3003
1858
9795
7310
7292
1367
211
7212
1059
2084
3726
4956
6580
4743
7384
9499
4730
5314
357
6172
9432
2749
8349
1904
2465
7142
6811
5873
6656
9943
2097
5240
5141
816
124
3214
2253
3219
5136
7264
6925
7599
288
7131
5210
628
2412
4807
9895
3974
2647
1569
460
5212
6755
2656
5648
3079
5788
9464
3523
6752
9790
6557
7419
6218
3139
2815
729
7703
8925
7252
3414
2007
3644
4772
8255
4458
3853
5966
8154
5015
6336
9991
5732
5957
1860
1794
9561
9558
2321
7083
4959
6932
7841
1326
7520
3155
5851
213
7650
2647
3022
1950
7172
2494
5863
1370
9127
5229
3423
5474
3895
2409
260
5845
6756
4972
1331
4332
8737
2792
6094
6494
9528
8359
5951
1823
6504
1600
6233
9331
9181
7606
7527
6321
5099
9946
3077
8258
2390
3169
3751
5081
2576
1745
3065
7852
3984
8981
1603
7169
6843
5567
3193
7844
6786
7149
6253
2164
5864
2852
3713
4750
4622
4073
157
1472
1613
7487
9257
8960
4176
9098
4504
8901
8811
8594
5425
7587
3963
8819
9243
1604
6188
2609
4900
2562
5233
2729
9726
7537
8372
9875
3366
6089
6090
884
931
4721
1457
6351
24
2551
5080
7147
9893
3148
9020
1680
528
4348
6939
2923
9068
5467
9207
3489
6371
1227
8249
2848
7350
138
4414
1457
1597
600
3203
4890
893
999
7016
3872
7925
9739
7236
2793
7236
1024
3318
7136
604
1739
9682
8753
7915
201
3632
6548
1468
2371
2285
1718
7129
9171
7532
8371
6330
2961
6621
1297
4671
7430
2264
7973
1397
2545
8199
5880
8649
1527
8333
8372
6167
4373
534
4793
1517
1906
460
5773
4753
9440
9267
6335
5851
9441
978
3356
3408
2325
9294
1963
1661
6417
277
9187
7084
3996
2788
2732
1222
580
2901
2578
5909
7086
4137
3318
4437
3001
4782
5168
3302
4083
7725
527
7664
9542
4291
4992
84
7531
1017
7965
107
2030
1826
8236
302
9537
9856
8665
208
2555
4692
2830
4716
1577
4048
1038
2054
8660
7531
7841
1217
3027
9904
6105
1037
6759
4547
804
2954
3204
3538
4714
2509
7600
3091
9382
9806
9396
3359
5938
9868
8591
6059
4938
2446
6506
6671
9427
8439
2918
1030
7173
1108
2210
304
8354
9701
616
4103
6955
277
3079
9788
2152
408
2027
4445
9332
2465
9960
3894
5756
7197
6246
1776
1804
3423
4070
6714
6714
8025
5091
6403
3518
995
1796
6674
9310
9403
7726
5586
1769
1450
4214
9197
3849
6719
3651
4707
3675
3306
6930
8999
5707
4391
531
1398
6152
1284
6385
5045
3206
5889
3983
2903
3939
9252
8462
1368
913
2165
7995
680
5842
2621
5717
6183
2258
6630
8364
4585
766
750
2197
1223
2194
1358
3450
4450
7936
9121
5646
2404
1789
5604
3342
9093
3941
7529
7603
7990
8783
7287
6724
3582
8683
9585
8377
6495
7207
7809
7994
4772
4897
4513
4133
2249
5479
6022
5871
6599
9322
4986
1394
9291
945
8260
8756
1489
3882
5382
5528
2050
203
8099
4414
9879
4647
3995
4197
5913
7020
116
6449
3223
5160
2470
7144
1139
7132
2100
726
5002
1625
7154
6016
7117
2951
3671
4853
4112
213
5712
4401
5007
6506
5342
6923
4696
9050
7790
8734
441
3828
8276
4501
5207
760
9123
2863
7688
2678
7242
8419
8286
3345
8398
1133
4592
6355
9088
7589
9014
2330
5419
4337
577
6960
2765
5233
2740
9112
943
3336
8739
5028
9459
8554
9831
3092
7609
6849
4491
425
6894
9914
5703
2999
7441
1148
9142
920
2931
5080
7030
1438
5115
9196
8891
4225
2051
3794
6544
9542
130
54
1579
816
1127
8996
3932
4144
6159
7983
6834
8056
2163
5807
922
2094
8353
5922
7909
5100
4965
9747
7492
6899
403
7767
3986
3200
8084
7412
3087
2007
8955
3884
5429
5164
7427
4424
4201
8017
3367
5952
5871
9192
7053
3894
2282
9258
3471
7090
6607
3137
4312
9128
997
7312
2216
1222
7131
7794
6372
4137
3077
9375
861
383
2933
4635
3147
8968
4914
6185
8037
614
456
6766
528
835
2155
5455
1698
2433
7145
236
6626
8012
7484
950
3310
7036
3608
139
8919
3047
4151
6419
4541
7779
8462
8883
3395
1033
5660
6574
559
9445
3199
3531
5360
3386
5602
4818
3836
9426
6631
1008
8149
3699
1837
9867
40
9182
4398
3263
1314
4256
5784
4470
4734
4587
9750
3446
8255
4191
4666
5684
3303
1346
4361
6822
8978
895
7187
6694
3298
5898
7837
5859
1767
9874
9517
4434
5019
1823
4961
673
8391
3946
6237
4428
9173
8892
815
9769
9396
6783
7664
749
9985
8640
7146
7601
2857
70
1552
480
4807
3517
5647
2663
2523
8203
399
6943
2218
6835
1621
6695
9228
5272
393
761
9974
8665
3806
223
7188
3675
6819
7663
6627
1668
7174
2002
9576
